SA
0
2
11 66 69 109 58 62 101 59 28 36 76 98 116 125 61 106 97 14 3 40 107 9 67 124 46 68 35 8 103 12 37 65 122 123 33 95 21 22 6 84 23 90 89 75 42 2 57 92 118 81 17 77 39 24 55 105 120 74 108 114 104 25 19 87 5 102 85 78 86 80 88 7 100 94 29 43 51 63 72 18 82 54 93 1 112 79 30 60 27 64 32 31 71 41 44 49 15 26 70 53 121 111 50 110 4 47 83 99 13 113 119 73 38 52 56 20 45 91 96 115 10 34 117 48 16 
1
1
3 3 4 4 3 1 
2
2
1
2 1 0 4 3 1 
2
3
1
1 2 4 3 0 3 
2
4
0.987798
1 2 4 3 0 3 
1
5
1
2 1 2 3 4 3 
2
6
1
1 3 0 3 4 3 
2
7
1
0 0 3 3 4 2 
2
8
1
0 0 3 3 0 4 
2
9
1
0 2 3 4 4 0 
2
10
1
0 2 3 4 4 0 
2
11
1
0 0 4 4 4 0 
2
12
1
0 0 4 4 3 4 
2
13
1
2 1 3 4 3 4 
2
14
1
2 1 3 4 2 3 
2
15
1
1 0 0 4 2 3 
2
16
1
1 0 0 2 2 1 
2
17
0.976367
2 2 0 4 0 0 
1
18
1
0 1 0 4 0 0 
1
19
1
0 1 0 4 4 4 
2
20
1
1 1 2 4 4 4 
2
21
1
1 1 0 4 3 4 
2
22
1
1 1 0 4 3 4 
2
23
1
2 0 4 3 1 0 
2
24
1
2 4 2 4 3 4 
2
25
1
2 1 0 4 3 4 
2
26
1
1 1 4 3 3 0 
2
27
1
1 1 4 3 3 0 
2
28
1
0 2 3 2 3 3 
2
29
1
0 2 3 4 2 3 
2
30
1
0 3 1 4 2 3 
2
31
1
1 0 2 4 1 3 
2
32
0.949687
4 0 0 4 4 1 
1
33
1
1 2 0 4 4 1 
2
34
0.944405
1 2 0 4 4 4 
1
35
1
0 0 0 4 4 4 
2
36
1
0 0 0 4 1 0 
2
37
1
2 0 3 4 1 0 
2
38
1
2 0 3 4 2 0 
2
39
1
0 4 1 4 2 0 
2
40
1
0 4 1 4 0 4 
2
41
1
1 0 0 4 0 4 
2
42
1
0 0 2 3 3 1 
2
43
0.913239
0 0 2 2 1 0 
1
44
1
1 1 1 3 3 2 
2
45
0.904328
2 1 0 4 1 4 
1
46
1
1 0 0 4 1 4 
2
47
1
0 1 3 3 4 4 
2
48
1
0 1 3 3 4 4 
2
49
1
0 1 0 4 3 2 
2
50
1
0 1 0 4 3 4 
2
51
1
0 4 3 4 3 4 
2
52
1
0 1 2 4 1 2 
3
53
0.859347
0 1 2 4 4 0 
2
54
1
0 3 0 4 4 0 
2
55
1
0 3 0 3 3 2 
2
56
0.837949
1 0 0 3 3 2 
1
57
1
1 0 0 4 1 0 
2
58
0.822096
1 3 2 4 1 4 
1
59
1
2 2 0 4 4 1 
2
60
1
1 0 0 4 4 1 
2
61
1
0 0 2 1 4 2 
2
62
1
0 0 2 3 0 0 
2
63
0.776336
0 2 3 3 0 0 
1
64
1
0 2 3 3 0 3 
2
65
0.75539
2 0 0 3 0 3 
1
66
1
0 4 1 2 2 2 
2
67
1
0 4 1 1 2 3 
2
68
1
0 3 2 3 1 0 
2
69
1
0 3 2 3 4 0 
2
70
1
0 3 4 3 4 0 
2
71
1
0 3 4 4 2 1 
2
72
1
3 3 4 4 2 1 
2
73
1
0 1 3 4 2 2 
2
74
1
0 1 3 4 3 2 
2
75
1
0 3 3 4 3 2 
2
76
0.372931
-1 -1 -1 -1 -1 -1
2
77
1
0 3 3 4 0 3 
2
78
1
1 4 2 3 4 0 
2
79
1
1 4 2 4 3 3 
2
80
1
2 4 1 4 3 3 
2
81
1
0 2 3 3 2 1 
2
82
0.511243
0 2 3 3 1 4 
1
83
1
2 0 1 4 4 1 
2
84
1
2 1 1 4 4 1 
2
85
0.457254
-1 -1 -1 -1 -1 -1
2
86
1
2 0 1 3 3 3 
2
87
1
2 0 1 4 1 2 
2
88
1
0 3 1 4 1 2 
2
89
1
0 3 1 4 4 3 
2
90
1
0 0 4 4 4 3 
2
91
1
0 0 4 4 1 0 
2
92
1
0 4 2 4 1 0 
2
93
0.307427
-1 -1 -1 -1 -1 -1
2
94
1
0 1 2 4 1 0 
2
95
1
0 1 2 4 1 0 
2
96
1
0 2 1 4 1 0 
2
97
1
0 2 1 4 4 1 
2
98
0.217761
-1 -1 -1 -1 -1 -1
2
99
1
1 1 0 4 4 1 
2
100
1
0 1 4 3 3 3 
2
101
1
0 1 4 3 3 3 
2
102
1
0 2 1 3 3 2 
2
103
1
0 2 1 4 0 3 
2
104
0.12572
-1 -1 -1 -1 -1 -1
2
105
0.112721
-1 -1 -1 -1 -1 -1
2
106
1
1 1 2 4 0 3 
2
107
1
1 4 3 4 0 2 
2
108
1
0 1 3 3 4 3 
2
109
1
0 1 3 2 1 0 
2
110
1
1 1 4 4 2 3 
2
111
1
1 1 4 4 3 3 
2
112
0.00192751
-1 -1 -1 -1 -1 -1
2
113
1
0 3 4 4 3 3 
2
114
1
0 3 4 4 3 2 
2
115
1
0 2 1 4 3 2 
2
116
1
0 2 1 1 4 2 
3
117
0.0176045
-1 -1 -1 -1 -1 -1
3
118
0.0142328
-1 -1 -1 -1 -1 -1
3
119
0.0113787
-1 -1 -1 -1 -1 -1
3
120
0.00899048
-1 -1 -1 -1 -1 -1
3
121
0.00701597
-1 -1 -1 -1 -1 -1
3
122
0.0054041
-1 -1 -1 -1 -1 -1
3
123
0.00410576
-1 -1 -1 -1 -1 -1
3
124
9.45289e-06
-1 -1 -1 -1 -1 -1
3
125
0.00226757
-1 -1 -1 -1 -1 -1
3
126
0.00164581
-1 -1 -1 -1 -1 -1
3
127
1.37958e-06
-1 -1 -1 -1 -1 -1
3
128
0.000823485
-1 -1 -1 -1 -1 -1
3
129
0.000566659
-1 -1 -1 -1 -1 -1
3
130
0.000382335
-1 -1 -1 -1 -1 -1
3
131
0.000252681
-1 -1 -1 -1 -1 -1
3
132
0.000163393
-1 -1 -1 -1 -1 -1
3
133
0.00010326
-1 -1 -1 -1 -1 -1
3
134
6.36998e-05
-1 -1 -1 -1 -1 -1
3
135
3.83092e-05
-1 -1 -1 -1 -1 -1
3
136
2.24308e-05
-1 -1 -1 -1 -1 -1
3
137
1.27689e-05
-1 -1 -1 -1 -1 -1
3
138
7.05638e-06
-1 -1 -1 -1 -1 -1
3
139
3.77968e-06
-1 -1 -1 -1 -1 -1
3
140
1.95911e-06
-1 -1 -1 -1 -1 -1
3
141
9.80934e-07
-1 -1 -1 -1 -1 -1
3
142
2.24295e-13
-1 -1 -1 -1 -1 -1
3
143
4.84255e-14
-1 -1 -1 -1 -1 -1
3
144
9.82074e-08
-1 -1 -1 -1 -1 -1
3
145
4.20059e-08
-1 -1 -1 -1 -1 -1
3
146
2.95206e-16
-1 -1 -1 -1 -1 -1
3
147
6.70474e-09
-1 -1 -1 -1 -1 -1
3
148
2.48996e-09
-1 -1 -1 -1 -1 -1
3
149
8.77727e-10
-1 -1 -1 -1 -1 -1
3
150
2.92883e-10
-1 -1 -1 -1 -1 -1
3
151
9.22447e-11
-1 -1 -1 -1 -1 -1
3
152
7.47413e-22
-1 -1 -1 -1 -1 -1
3
153
7.60014e-12
-1 -1 -1 -1 -1 -1
3
154
1.97516e-12
-1 -1 -1 -1 -1 -1
3
155
4.78168e-13
-1 -1 -1 -1 -1 -1
3
156
1.07433e-13
-1 -1 -1 -1 -1 -1
3
157
1
0 4 1 3 4 2 
3
158
1.82028e-29
-1 -1 -1 -1 -1 -1
3
159
7.47751e-16
-1 -1 -1 -1 -1 -1
3
160
1.19575e-16
-1 -1 -1 -1 -1 -1
3
161
1.73628e-17
-1 -1 -1 -1 -1 -1
3
162
2.27769e-18
-1 -1 -1 -1 -1 -1
3
163
2.68499e-19
-1 -1 -1 -1 -1 -1
3
164
2.82825e-20
-1 -1 -1 -1 -1 -1
3
165
2.64637e-21
-1 -1 -1 -1 -1 -1
3
166
2.18591e-22
-1 -1 -1 -1 -1 -1
3
167
1
1 2 2 4 2 0 
3
168
9.99061e-25
-1 -1 -1 -1 -1 -1
3
169
2.97047e-51
-1 -1 -1 -1 -1 -1
3
170
2.55123e-27
-1 -1 -1 -1 -1 -1
3
171
1.03326e-56
-1 -1 -1 -1 -1 -1
3
172
3.41818e-30
-1 -1 -1 -1 -1 -1
3
173
9.61485e-32
-1 -1 -1 -1 -1 -1
3
174
2.24112e-33
-1 -1 -1 -1 -1 -1
3
175
4.28617e-35
-1 -1 -1 -1 -1 -1
3
176
6.65627e-37
-1 -1 -1 -1 -1 -1
3
177
6.89256e-77
-1 -1 -1 -1 -1 -1
3
178
6.75887e-81
-1 -1 -1 -1 -1 -1
3
179
6.38553e-43
-1 -1 -1 -1 -1 -1
3
180
3.84077e-45
-1 -1 -1 -1 -1 -1
3
181
1.76504e-47
-1 -1 -1 -1 -1 -1
3
182
6.11024e-50
-1 -1 -1 -1 -1 -1
3
183
2.46435e-104
-1 -1 -1 -1 -1 -1
3
184
8.68228e-110
-1 -1 -1 -1 -1 -1
3
185
1
3 0 1 4 2 1 
3
186
3.78609e-61
-1 -1 -1 -1 -1 -1
3
187
2.50089e-64
-1 -1 -1 -1 -1 -1
3
188
1.12364e-67
-1 -1 -1 -1 -1 -1
3
189
3.36492e-71
-1 -1 -1 -1 -1 -1
3
190
6.57459e-75
-1 -1 -1 -1 -1 -1
3
191
1
0 4 3 4 2 1 
3
192
4.0501e-165
-1 -1 -1 -1 -1 -1
3
193
3.0034e-87
-1 -1 -1 -1 -1 -1
3
194
8.3908e-92
-1 -1 -1 -1 -1 -1
3
195
1.34996e-96
-1 -1 -1 -1 -1 -1
3
196
1.21492e-101
-1 -1 -1 -1 -1 -1
3
197
3.51896e-213
-1 -1 -1 -1 -1 -1
3
198
1.52168e-112
-1 -1 -1 -1 -1 -1
3
199
1.98236e-118
-1 -1 -1 -1 -1 -1
3
200
1.2656e-124
-1 -1 -1 -1 -1 -1
3
201
3.81387e-131
-1 -1 -1 -1 -1 -1
3
202
5.21467e-138
-1 -1 -1 -1 -1 -1
3
203
3.10326e-145
-1 -1 -1 -1 -1 -1
3
204
5.919e-305
-1 -1 -1 -1 -1 -1
3
205
7.58806e-161
-1 -1 -1 -1 -1 -1
3
206
2.83641e-169
-1 -1 -1 -1 -1 -1
3
207
3.81823e-178
-1 -1 -1 -1 -1 -1
3
208
1.75414e-187
-1 -1 -1 -1 -1 -1
3
209
2.599e-197
-1 -1 -1 -1 -1 -1
3
210
1.17008e-207
-1 -1 -1 -1 -1 -1
3
211
1.50338e-218
-1 -1 -1 -1 -1 -1
3
212
5.16066e-230
-1 -1 -1 -1 -1 -1
3
213
4.41523e-242
-1 -1 -1 -1 -1 -1
3
214
8.75096e-255
-1 -1 -1 -1 -1 -1
3
215
3.72036e-268
-1 -1 -1 -1 -1 -1
3
216
3.12862e-282
-1 -1 -1 -1 -1 -1
3
217
4.7788e-297
-1 -1 -1 -1 -1 -1
3
218
1.21197e-312
-1 -1 -1 -1 -1 -1
3
219
0
-1 -1 -1 -1 -1 -1
3
220
0
-1 -1 -1 -1 -1 -1
3
221
1
0 0 1 4 4 0 
3
222
0
-1 -1 -1 -1 -1 -1
3
223
0
-1 -1 -1 -1 -1 -1
3
224
0
-1 -1 -1 -1 -1 -1
3
225
0
-1 -1 -1 -1 -1 -1
3
226
0
-1 -1 -1 -1 -1 -1
3
227
0
-1 -1 -1 -1 -1 -1
3
228
0
-1 -1 -1 -1 -1 -1
3
229
0
-1 -1 -1 -1 -1 -1
3
230
0
-1 -1 -1 -1 -1 -1
3
231
0
-1 -1 -1 -1 -1 -1
3
232
0
-1 -1 -1 -1 -1 -1
3
233
0
-1 -1 -1 -1 -1 -1
3
234
0
-1 -1 -1 -1 -1 -1
3
235
0
-1 -1 -1 -1 -1 -1
3
236
0
-1 -1 -1 -1 -1 -1
3
237
0
-1 -1 -1 -1 -1 -1
3
238
0
-1 -1 -1 -1 -1 -1
3
239
0
-1 -1 -1 -1 -1 -1
3
240
0
-1 -1 -1 -1 -1 -1
3
241
1
0 0 1 4 4 0 
3
242
0
-1 -1 -1 -1 -1 -1
3
243
1
1 1 4 4 3 3 
3
244
0
-1 -1 -1 -1 -1 -1
3
245
0
-1 -1 -1 -1 -1 -1
3
246
0
-1 -1 -1 -1 -1 -1
3
247
0
-1 -1 -1 -1 -1 -1
3
248
0
-1 -1 -1 -1 -1 -1
3
249
0
-1 -1 -1 -1 -1 -1
3
250
0
-1 -1 -1 -1 -1 -1
3
251
0
-1 -1 -1 -1 -1 -1
3
252
0
-1 -1 -1 -1 -1 -1
3
253
0
-1 -1 -1 -1 -1 -1
3
254
0
-1 -1 -1 -1 -1 -1
3
255
0
-1 -1 -1 -1 -1 -1
3
256
0
-1 -1 -1 -1 -1 -1
3
257
0
-1 -1 -1 -1 -1 -1
3
258
0
-1 -1 -1 -1 -1 -1
3
259
0
-1 -1 -1 -1 -1 -1
3
260
0
-1 -1 -1 -1 -1 -1
3
261
0
-1 -1 -1 -1 -1 -1
3
262
0
-1 -1 -1 -1 -1 -1
3
263
0
-1 -1 -1 -1 -1 -1
3
264
0
-1 -1 -1 -1 -1 -1
3
265
0
-1 -1 -1 -1 -1 -1
3
266
1
0 0 2 4 3 3 
3
267
0
-1 -1 -1 -1 -1 -1
3
268
0
-1 -1 -1 -1 -1 -1
3
269
0
-1 -1 -1 -1 -1 -1
3
270
0
-1 -1 -1 -1 -1 -1
3
271
0
-1 -1 -1 -1 -1 -1
3
272
0
-1 -1 -1 -1 -1 -1
3
273
0
-1 -1 -1 -1 -1 -1
3
274
0
-1 -1 -1 -1 -1 -1
3
275
0
-1 -1 -1 -1 -1 -1
3
276
0
-1 -1 -1 -1 -1 -1
3
277
0
-1 -1 -1 -1 -1 -1
3
278
0
-1 -1 -1 -1 -1 -1
3
279
0
-1 -1 -1 -1 -1 -1
3
280
0
-1 -1 -1 -1 -1 -1
3
281
0
-1 -1 -1 -1 -1 -1
3
282
0
-1 -1 -1 -1 -1 -1
3
283
0
-1 -1 -1 -1 -1 -1
3
284
0
-1 -1 -1 -1 -1 -1
3
285
0
-1 -1 -1 -1 -1 -1
3
286
0
-1 -1 -1 -1 -1 -1
3
287
0
-1 -1 -1 -1 -1 -1
3
288
0
-1 -1 -1 -1 -1 -1
3
289
0
-1 -1 -1 -1 -1 -1
3
290
0
-1 -1 -1 -1 -1 -1
3
291
0
-1 -1 -1 -1 -1 -1
3
292
0
-1 -1 -1 -1 -1 -1
3
293
1
0 0 2 2 4 0 
3
294
0
-1 -1 -1 -1 -1 -1
3
295
0
-1 -1 -1 -1 -1 -1
3
296
0
-1 -1 -1 -1 -1 -1
3
297
0
-1 -1 -1 -1 -1 -1
3
298
0
-1 -1 -1 -1 -1 -1
3
299
0
-1 -1 -1 -1 -1 -1
3
300
0
-1 -1 -1 -1 -1 -1
3
301
0
-1 -1 -1 -1 -1 -1
3
302
0
-1 -1 -1 -1 -1 -1
3
303
0
-1 -1 -1 -1 -1 -1
3
304
0
-1 -1 -1 -1 -1 -1
3
305
0
-1 -1 -1 -1 -1 -1
3
306
0
-1 -1 -1 -1 -1 -1
3
307
0
-1 -1 -1 -1 -1 -1
3
308
0
-1 -1 -1 -1 -1 -1
3
309
0
-1 -1 -1 -1 -1 -1
3
310
0
-1 -1 -1 -1 -1 -1
3
311
0
-1 -1 -1 -1 -1 -1
3
312
0
-1 -1 -1 -1 -1 -1
3
313
0
-1 -1 -1 -1 -1 -1
3
314
0
-1 -1 -1 -1 -1 -1
3
315
0
-1 -1 -1 -1 -1 -1
3
316
0
-1 -1 -1 -1 -1 -1
3
317
0
-1 -1 -1 -1 -1 -1
3
318
0
-1 -1 -1 -1 -1 -1
3
319
0
-1 -1 -1 -1 -1 -1
3
320
0
-1 -1 -1 -1 -1 -1
3
321
0
-1 -1 -1 -1 -1 -1
3
322
0
-1 -1 -1 -1 -1 -1
3
323
0
-1 -1 -1 -1 -1 -1
3
324
0
-1 -1 -1 -1 -1 -1
3
325
0
-1 -1 -1 -1 -1 -1
3
326
0
-1 -1 -1 -1 -1 -1
3
327
0
-1 -1 -1 -1 -1 -1
3
328
0
-1 -1 -1 -1 -1 -1
3
329
0
-1 -1 -1 -1 -1 -1
3
330
0
-1 -1 -1 -1 -1 -1
3
331
0
-1 -1 -1 -1 -1 -1
3
332
0
-1 -1 -1 -1 -1 -1
3
333
0
-1 -1 -1 -1 -1 -1
3
334
0
-1 -1 -1 -1 -1 -1
3
335
0
-1 -1 -1 -1 -1 -1
3
336
0
-1 -1 -1 -1 -1 -1
3
337
0
-1 -1 -1 -1 -1 -1
3
338
0
-1 -1 -1 -1 -1 -1
3
339
0
-1 -1 -1 -1 -1 -1
3
340
0
-1 -1 -1 -1 -1 -1
3
341
0
-1 -1 -1 -1 -1 -1
3
342
0
-1 -1 -1 -1 -1 -1
3
343
0
-1 -1 -1 -1 -1 -1
3
344
0
-1 -1 -1 -1 -1 -1
3
345
0
-1 -1 -1 -1 -1 -1
3
346
0
-1 -1 -1 -1 -1 -1
3
347
0
-1 -1 -1 -1 -1 -1
3
348
0
-1 -1 -1 -1 -1 -1
3
349
0
-1 -1 -1 -1 -1 -1
3
350
0
-1 -1 -1 -1 -1 -1
3
351
0
-1 -1 -1 -1 -1 -1
3
352
0
-1 -1 -1 -1 -1 -1
3
353
0
-1 -1 -1 -1 -1 -1
3
354
0
-1 -1 -1 -1 -1 -1
3
355
0
-1 -1 -1 -1 -1 -1
3
356
0
-1 -1 -1 -1 -1 -1
3
357
0
-1 -1 -1 -1 -1 -1
3
358
0
-1 -1 -1 -1 -1 -1
3
359
0
-1 -1 -1 -1 -1 -1
3
360
0
-1 -1 -1 -1 -1 -1
3
361
0
-1 -1 -1 -1 -1 -1
3
362
0
-1 -1 -1 -1 -1 -1
3
363
0
-1 -1 -1 -1 -1 -1
3
364
0
-1 -1 -1 -1 -1 -1
3
365
0
-1 -1 -1 -1 -1 -1
3
366
0
-1 -1 -1 -1 -1 -1
3
367
0
-1 -1 -1 -1 -1 -1
3
368
0
-1 -1 -1 -1 -1 -1
3
369
0
-1 -1 -1 -1 -1 -1
3
370
0
-1 -1 -1 -1 -1 -1
3
371
0
-1 -1 -1 -1 -1 -1
3
372
0
-1 -1 -1 -1 -1 -1
3
373
0
-1 -1 -1 -1 -1 -1
3
374
0
-1 -1 -1 -1 -1 -1
3
375
0
-1 -1 -1 -1 -1 -1
3
376
0
-1 -1 -1 -1 -1 -1
3
377
0
-1 -1 -1 -1 -1 -1
3
378
0
-1 -1 -1 -1 -1 -1
3
379
0
-1 -1 -1 -1 -1 -1
3
380
0
-1 -1 -1 -1 -1 -1
3
381
0
-1 -1 -1 -1 -1 -1
3
382
0
-1 -1 -1 -1 -1 -1
3
383
0
-1 -1 -1 -1 -1 -1
3
384
0
-1 -1 -1 -1 -1 -1
3
385
0
-1 -1 -1 -1 -1 -1
3
386
0
-1 -1 -1 -1 -1 -1
3
387
0
-1 -1 -1 -1 -1 -1
3
388
0
-1 -1 -1 -1 -1 -1
3
389
1
0 1 2 2 4 0 
3
390
0
-1 -1 -1 -1 -1 -1
3
391
0
-1 -1 -1 -1 -1 -1
3
392
0
-1 -1 -1 -1 -1 -1
3
393
0
-1 -1 -1 -1 -1 -1
3
394
1
1 2 1 4 1 1 
3
395
0
-1 -1 -1 -1 -1 -1
3
396
0
-1 -1 -1 -1 -1 -1
3
397
0
-1 -1 -1 -1 -1 -1
3
398
0
-1 -1 -1 -1 -1 -1
3
399
0
-1 -1 -1 -1 -1 -1
3
400
0
-1 -1 -1 -1 -1 -1
3
401
0
-1 -1 -1 -1 -1 -1
3
402
0
-1 -1 -1 -1 -1 -1
3
403
0
-1 -1 -1 -1 -1 -1
3
404
0
-1 -1 -1 -1 -1 -1
3
405
0
-1 -1 -1 -1 -1 -1
3
406
0
-1 -1 -1 -1 -1 -1
3
407
0
-1 -1 -1 -1 -1 -1
3
408
0
-1 -1 -1 -1 -1 -1
3
409
0
-1 -1 -1 -1 -1 -1
3
410
0
-1 -1 -1 -1 -1 -1
3
411
0
-1 -1 -1 -1 -1 -1
3
412
0
-1 -1 -1 -1 -1 -1
3
413
0
-1 -1 -1 -1 -1 -1
3
414
0
-1 -1 -1 -1 -1 -1
3
415
0
-1 -1 -1 -1 -1 -1
3
416
0
-1 -1 -1 -1 -1 -1
3
417
0
-1 -1 -1 -1 -1 -1
3
418
0
-1 -1 -1 -1 -1 -1
3
419
0
-1 -1 -1 -1 -1 -1
3
420
0
-1 -1 -1 -1 -1 -1
3
421
0
-1 -1 -1 -1 -1 -1
3
422
0
-1 -1 -1 -1 -1 -1
3
423
0
-1 -1 -1 -1 -1 -1
3
424
0
-1 -1 -1 -1 -1 -1
3
425
0
-1 -1 -1 -1 -1 -1
3
426
0
-1 -1 -1 -1 -1 -1
3
427
0
-1 -1 -1 -1 -1 -1
3
428
0
-1 -1 -1 -1 -1 -1
3
429
1
3 0 0 4 3 4 
3
430
0
-1 -1 -1 -1 -1 -1
3
431
0
-1 -1 -1 -1 -1 -1
3
432
0
-1 -1 -1 -1 -1 -1
3
433
0
-1 -1 -1 -1 -1 -1
3
434
0
-1 -1 -1 -1 -1 -1
3
435
0
-1 -1 -1 -1 -1 -1
3
436
0
-1 -1 -1 -1 -1 -1
3
437
0
-1 -1 -1 -1 -1 -1
3
438
0
-1 -1 -1 -1 -1 -1
3
439
0
-1 -1 -1 -1 -1 -1
3
440
0
-1 -1 -1 -1 -1 -1
3
441
0
-1 -1 -1 -1 -1 -1
3
442
0
-1 -1 -1 -1 -1 -1
3
443
0
-1 -1 -1 -1 -1 -1
3
444
0
-1 -1 -1 -1 -1 -1
3
445
0
-1 -1 -1 -1 -1 -1
3
446
0
-1 -1 -1 -1 -1 -1
3
447
0
-1 -1 -1 -1 -1 -1
3
448
0
-1 -1 -1 -1 -1 -1
3
449
0
-1 -1 -1 -1 -1 -1
3
450
0
-1 -1 -1 -1 -1 -1
3
451
0
-1 -1 -1 -1 -1 -1
3
452
0
-1 -1 -1 -1 -1 -1
3
453
0
-1 -1 -1 -1 -1 -1
3
454
0
-1 -1 -1 -1 -1 -1
3
455
0
-1 -1 -1 -1 -1 -1
3
456
0
-1 -1 -1 -1 -1 -1
3
457
0
-1 -1 -1 -1 -1 -1
3
458
0
-1 -1 -1 -1 -1 -1
3
459
0
-1 -1 -1 -1 -1 -1
3
460
0
-1 -1 -1 -1 -1 -1
3
461
0
-1 -1 -1 -1 -1 -1
3
462
0
-1 -1 -1 -1 -1 -1
3
463
0
-1 -1 -1 -1 -1 -1
3
464
0
-1 -1 -1 -1 -1 -1
3
465
0
-1 -1 -1 -1 -1 -1
3
466
0
-1 -1 -1 -1 -1 -1
3
467
0
-1 -1 -1 -1 -1 -1
3
468
0
-1 -1 -1 -1 -1 -1
3
469
0
-1 -1 -1 -1 -1 -1
3
470
0
-1 -1 -1 -1 -1 -1
3
471
0
-1 -1 -1 -1 -1 -1
3
472
0
-1 -1 -1 -1 -1 -1
3
473
0
-1 -1 -1 -1 -1 -1
3
474
0
-1 -1 -1 -1 -1 -1
3
475
0
-1 -1 -1 -1 -1 -1
3
476
0
-1 -1 -1 -1 -1 -1
3
477
0
-1 -1 -1 -1 -1 -1
3
478
0
-1 -1 -1 -1 -1 -1
3
479
0
-1 -1 -1 -1 -1 -1
3
480
0
-1 -1 -1 -1 -1 -1
3
481
0
-1 -1 -1 -1 -1 -1
3
482
0
-1 -1 -1 -1 -1 -1
3
483
0
-1 -1 -1 -1 -1 -1
3
484
0
-1 -1 -1 -1 -1 -1
3
485
0
-1 -1 -1 -1 -1 -1
3
486
0
-1 -1 -1 -1 -1 -1
3
487
0
-1 -1 -1 -1 -1 -1
3
488
0
-1 -1 -1 -1 -1 -1
3
489
0
-1 -1 -1 -1 -1 -1
3
490
0
-1 -1 -1 -1 -1 -1
3
491
0
-1 -1 -1 -1 -1 -1
3
492
0
-1 -1 -1 -1 -1 -1
3
493
0
-1 -1 -1 -1 -1 -1
3
494
0
-1 -1 -1 -1 -1 -1
3
495
0
-1 -1 -1 -1 -1 -1
3
496
0
-1 -1 -1 -1 -1 -1
3
497
0
-1 -1 -1 -1 -1 -1
3
498
0
-1 -1 -1 -1 -1 -1
3
499
0
-1 -1 -1 -1 -1 -1
3
500
0
-1 -1 -1 -1 -1 -1
3
501
0
-1 -1 -1 -1 -1 -1
3
502
0
-1 -1 -1 -1 -1 -1
3
503
0
-1 -1 -1 -1 -1 -1
3
504
0
-1 -1 -1 -1 -1 -1
3
505
0
-1 -1 -1 -1 -1 -1
3
506
0
-1 -1 -1 -1 -1 -1
3
507
0
-1 -1 -1 -1 -1 -1
3
508
0
-1 -1 -1 -1 -1 -1
3
509
0
-1 -1 -1 -1 -1 -1
3
510
0
-1 -1 -1 -1 -1 -1
3
511
0
-1 -1 -1 -1 -1 -1
3
512
0
-1 -1 -1 -1 -1 -1
3
513
1
0 2 4 4 3 4 
3
514
0
-1 -1 -1 -1 -1 -1
3
515
0
-1 -1 -1 -1 -1 -1
3
516
0
-1 -1 -1 -1 -1 -1
3
517
0
-1 -1 -1 -1 -1 -1
3
518
0
-1 -1 -1 -1 -1 -1
3
519
0
-1 -1 -1 -1 -1 -1
3
520
0
-1 -1 -1 -1 -1 -1
3
521
1
0 0 3 4 4 4 
3
522
0
-1 -1 -1 -1 -1 -1
3
523
0
-1 -1 -1 -1 -1 -1
3
524
0
-1 -1 -1 -1 -1 -1
3
525
0
-1 -1 -1 -1 -1 -1
3
526
0
-1 -1 -1 -1 -1 -1
3
527
0
-1 -1 -1 -1 -1 -1
3
528
0
-1 -1 -1 -1 -1 -1
3
529
0
-1 -1 -1 -1 -1 -1
3
530
1
0 0 3 4 4 4 
3
531
0
-1 -1 -1 -1 -1 -1
3
532
0
-1 -1 -1 -1 -1 -1
3
533
0
-1 -1 -1 -1 -1 -1
3
534
0
-1 -1 -1 -1 -1 -1
3
535
0
-1 -1 -1 -1 -1 -1
3
536
0
-1 -1 -1 -1 -1 -1
3
537
1
2 1 3 4 1 0 
3
538
0
-1 -1 -1 -1 -1 -1
3
539
0
-1 -1 -1 -1 -1 -1
3
540
0
-1 -1 -1 -1 -1 -1
3
541
0
-1 -1 -1 -1 -1 -1
3
542
0
-1 -1 -1 -1 -1 -1
3
543
0
-1 -1 -1 -1 -1 -1
3
544
0
-1 -1 -1 -1 -1 -1
3
545
0
-1 -1 -1 -1 -1 -1
3
546
0
-1 -1 -1 -1 -1 -1
3
547
0
-1 -1 -1 -1 -1 -1
3
548
0
-1 -1 -1 -1 -1 -1
3
549
0
-1 -1 -1 -1 -1 -1
3
550
0
-1 -1 -1 -1 -1 -1
3
551
0
-1 -1 -1 -1 -1 -1
3
552
0
-1 -1 -1 -1 -1 -1
3
553
0
-1 -1 -1 -1 -1 -1
3
554
0
-1 -1 -1 -1 -1 -1
3
555
0
-1 -1 -1 -1 -1 -1
3
556
0
-1 -1 -1 -1 -1 -1
3
557
0
-1 -1 -1 -1 -1 -1
3
558
0
-1 -1 -1 -1 -1 -1
3
559
0
-1 -1 -1 -1 -1 -1
3
560
0
-1 -1 -1 -1 -1 -1
3
561
0
-1 -1 -1 -1 -1 -1
3
562
0
-1 -1 -1 -1 -1 -1
3
563
0
-1 -1 -1 -1 -1 -1
3
564
0
-1 -1 -1 -1 -1 -1
3
565
0
-1 -1 -1 -1 -1 -1
3
566
0
-1 -1 -1 -1 -1 -1
3
567
0
-1 -1 -1 -1 -1 -1
3
568
0
-1 -1 -1 -1 -1 -1
3
569
0
-1 -1 -1 -1 -1 -1
3
570
0
-1 -1 -1 -1 -1 -1
3
571
0
-1 -1 -1 -1 -1 -1
3
572
0
-1 -1 -1 -1 -1 -1
3
573
0
-1 -1 -1 -1 -1 -1
3
574
0
-1 -1 -1 -1 -1 -1
3
575
0
-1 -1 -1 -1 -1 -1
3
576
1
1 1 2 3 4 0 
3
577
0
-1 -1 -1 -1 -1 -1
3
578
0
-1 -1 -1 -1 -1 -1
3
579
0
-1 -1 -1 -1 -1 -1
3
580
0
-1 -1 -1 -1 -1 -1
3
581
0
-1 -1 -1 -1 -1 -1
3
582
0
-1 -1 -1 -1 -1 -1
3
583
0
-1 -1 -1 -1 -1 -1
3
584
0
-1 -1 -1 -1 -1 -1
3
585
0
-1 -1 -1 -1 -1 -1
3
586
0
-1 -1 -1 -1 -1 -1
3
587
0
-1 -1 -1 -1 -1 -1
3
588
0
-1 -1 -1 -1 -1 -1
3
589
0
-1 -1 -1 -1 -1 -1
3
590
0
-1 -1 -1 -1 -1 -1
3
591
0
-1 -1 -1 -1 -1 -1
3
592
0
-1 -1 -1 -1 -1 -1
3
593
0
-1 -1 -1 -1 -1 -1
3
594
0
-1 -1 -1 -1 -1 -1
3
595
0
-1 -1 -1 -1 -1 -1
3
596
0
-1 -1 -1 -1 -1 -1
3
597
0
-1 -1 -1 -1 -1 -1
3
598
0
-1 -1 -1 -1 -1 -1
3
599
0
-1 -1 -1 -1 -1 -1
3
600
0
-1 -1 -1 -1 -1 -1
3
601
0
-1 -1 -1 -1 -1 -1
3
602
1
1 1 2 4 3 2 
3
603
0
-1 -1 -1 -1 -1 -1
3
604
0
-1 -1 -1 -1 -1 -1
3
605
0
-1 -1 -1 -1 -1 -1
3
606
0
-1 -1 -1 -1 -1 -1
3
607
0
-1 -1 -1 -1 -1 -1
3
608
0
-1 -1 -1 -1 -1 -1
3
609
0
-1 -1 -1 -1 -1 -1
3
610
0
-1 -1 -1 -1 -1 -1
3
611
0
-1 -1 -1 -1 -1 -1
3
612
0
-1 -1 -1 -1 -1 -1
3
613
0
-1 -1 -1 -1 -1 -1
3
614
0
-1 -1 -1 -1 -1 -1
3
615
0
-1 -1 -1 -1 -1 -1
3
616
0
-1 -1 -1 -1 -1 -1
3
617
0
-1 -1 -1 -1 -1 -1
3
618
0
-1 -1 -1 -1 -1 -1
3
619
0
-1 -1 -1 -1 -1 -1
3
620
0
-1 -1 -1 -1 -1 -1
3
621
0
-1 -1 -1 -1 -1 -1
3
622
0
-1 -1 -1 -1 -1 -1
3
623
0
-1 -1 -1 -1 -1 -1
3
624
0
-1 -1 -1 -1 -1 -1
3
625
0
-1 -1 -1 -1 -1 -1
3
626
1
1 0 4 4 3 2 
3
627
0
-1 -1 -1 -1 -1 -1
3
628
0
-1 -1 -1 -1 -1 -1
3
629
0
-1 -1 -1 -1 -1 -1
3
630
0
-1 -1 -1 -1 -1 -1
3
631
0
-1 -1 -1 -1 -1 -1
3
632
0
-1 -1 -1 -1 -1 -1
3
633
0
-1 -1 -1 -1 -1 -1
3
634
0
-1 -1 -1 -1 -1 -1
3
635
0
-1 -1 -1 -1 -1 -1
3
636
0
-1 -1 -1 -1 -1 -1
3
637
0
-1 -1 -1 -1 -1 -1
3
638
0
-1 -1 -1 -1 -1 -1
3
639
1
1 0 4 4 3 1 
3
640
0
-1 -1 -1 -1 -1 -1
3
641
0
-1 -1 -1 -1 -1 -1
3
642
0
-1 -1 -1 -1 -1 -1
3
643
0
-1 -1 -1 -1 -1 -1
3
644
0
-1 -1 -1 -1 -1 -1
3
645
0
-1 -1 -1 -1 -1 -1
3
646
0
-1 -1 -1 -1 -1 -1
3
647
0
-1 -1 -1 -1 -1 -1
3
648
0
-1 -1 -1 -1 -1 -1
3
649
1
0 0 1 3 1 2 
3
650
0
-1 -1 -1 -1 -1 -1
3
651
0
-1 -1 -1 -1 -1 -1
3
652
0
-1 -1 -1 -1 -1 -1
3
653
0
-1 -1 -1 -1 -1 -1
3
654
0
-1 -1 -1 -1 -1 -1
3
655
0
-1 -1 -1 -1 -1 -1
3
656
0
-1 -1 -1 -1 -1 -1
3
657
0
-1 -1 -1 -1 -1 -1
3
658
0
-1 -1 -1 -1 -1 -1
3
659
0
-1 -1 -1 -1 -1 -1
3
660
0
-1 -1 -1 -1 -1 -1
3
661
0
-1 -1 -1 -1 -1 -1
3
662
0
-1 -1 -1 -1 -1 -1
3
663
0
-1 -1 -1 -1 -1 -1
3
664
0
-1 -1 -1 -1 -1 -1
3
665
0
-1 -1 -1 -1 -1 -1
3
666
0
-1 -1 -1 -1 -1 -1
3
667
0
-1 -1 -1 -1 -1 -1
3
668
0
-1 -1 -1 -1 -1 -1
3
669
0
-1 -1 -1 -1 -1 -1
3
670
0
-1 -1 -1 -1 -1 -1
3
671
0
-1 -1 -1 -1 -1 -1
3
672
0
-1 -1 -1 -1 -1 -1
3
673
0
-1 -1 -1 -1 -1 -1
3
674
0
-1 -1 -1 -1 -1 -1
3
675
0
-1 -1 -1 -1 -1 -1
3
676
0
-1 -1 -1 -1 -1 -1
3
677
0
-1 -1 -1 -1 -1 -1
3
678
0
-1 -1 -1 -1 -1 -1
3
679
0
-1 -1 -1 -1 -1 -1
3
680
0
-1 -1 -1 -1 -1 -1
3
681
0
-1 -1 -1 -1 -1 -1
3
682
0
-1 -1 -1 -1 -1 -1
3
683
0
-1 -1 -1 -1 -1 -1
3
684
0
-1 -1 -1 -1 -1 -1
3
685
0
-1 -1 -1 -1 -1 -1
3
686
0
-1 -1 -1 -1 -1 -1
3
687
0
-1 -1 -1 -1 -1 -1
3
688
0
-1 -1 -1 -1 -1 -1
3
689
0
-1 -1 -1 -1 -1 -1
3
690
0
-1 -1 -1 -1 -1 -1
3
691
0
-1 -1 -1 -1 -1 -1
3
692
0
-1 -1 -1 -1 -1 -1
3
693
0
-1 -1 -1 -1 -1 -1
3
694
0
-1 -1 -1 -1 -1 -1
3
695
0
-1 -1 -1 -1 -1 -1
3
696
0
-1 -1 -1 -1 -1 -1
3
697
0
-1 -1 -1 -1 -1 -1
3
698
0
-1 -1 -1 -1 -1 -1
3
699
0
-1 -1 -1 -1 -1 -1
3
700
0
-1 -1 -1 -1 -1 -1
3
701
0
-1 -1 -1 -1 -1 -1
3
702
0
-1 -1 -1 -1 -1 -1
3
703
1
0 0 1 3 1 2 
3
704
0
-1 -1 -1 -1 -1 -1
3
705
0
-1 -1 -1 -1 -1 -1
3
706
0
-1 -1 -1 -1 -1 -1
3
707
1
0 4 3 4 4 1 
3
708
0
-1 -1 -1 -1 -1 -1
3
709
0
-1 -1 -1 -1 -1 -1
3
710
0
-1 -1 -1 -1 -1 -1
3
711
0
-1 -1 -1 -1 -1 -1
3
712
0
-1 -1 -1 -1 -1 -1
3
713
0
-1 -1 -1 -1 -1 -1
3
714
0
-1 -1 -1 -1 -1 -1
3
715
0
-1 -1 -1 -1 -1 -1
3
716
0
-1 -1 -1 -1 -1 -1
3
717
0
-1 -1 -1 -1 -1 -1
3
718
0
-1 -1 -1 -1 -1 -1
3
719
0
-1 -1 -1 -1 -1 -1
3
720
0
-1 -1 -1 -1 -1 -1
3
721
0
-1 -1 -1 -1 -1 -1
3
722
0
-1 -1 -1 -1 -1 -1
3
723
0
-1 -1 -1 -1 -1 -1
3
724
0
-1 -1 -1 -1 -1 -1
3
725
0
-1 -1 -1 -1 -1 -1
3
726
0
-1 -1 -1 -1 -1 -1
3
727
0
-1 -1 -1 -1 -1 -1
3
728
0
-1 -1 -1 -1 -1 -1
3
729
0
-1 -1 -1 -1 -1 -1
3
730
0
-1 -1 -1 -1 -1 -1
3
731
0
-1 -1 -1 -1 -1 -1
3
732
0
-1 -1 -1 -1 -1 -1
3
733
0
-1 -1 -1 -1 -1 -1
3
734
0
-1 -1 -1 -1 -1 -1
3
735
1
0 4 3 4 4 1 
3
736
0
-1 -1 -1 -1 -1 -1
3
737
0
-1 -1 -1 -1 -1 -1
3
738
0
-1 -1 -1 -1 -1 -1
3
739
0
-1 -1 -1 -1 -1 -1
3
740
0
-1 -1 -1 -1 -1 -1
3
741
0
-1 -1 -1 -1 -1 -1
3
742
0
-1 -1 -1 -1 -1 -1
3
743
0
-1 -1 -1 -1 -1 -1
3
744
0
-1 -1 -1 -1 -1 -1
3
745
0
-1 -1 -1 -1 -1 -1
3
746
0
-1 -1 -1 -1 -1 -1
3
747
0
-1 -1 -1 -1 -1 -1
3
748
0
-1 -1 -1 -1 -1 -1
3
749
0
-1 -1 -1 -1 -1 -1
3
750
0
-1 -1 -1 -1 -1 -1
3
751
0
-1 -1 -1 -1 -1 -1
3
752
0
-1 -1 -1 -1 -1 -1
3
753
0
-1 -1 -1 -1 -1 -1
3
754
0
-1 -1 -1 -1 -1 -1
3
755
0
-1 -1 -1 -1 -1 -1
3
756
0
-1 -1 -1 -1 -1 -1
3
757
0
-1 -1 -1 -1 -1 -1
3
758
0
-1 -1 -1 -1 -1 -1
3
759
0
-1 -1 -1 -1 -1 -1
3
760
0
-1 -1 -1 -1 -1 -1
3
761
0
-1 -1 -1 -1 -1 -1
3
762
0
-1 -1 -1 -1 -1 -1
3
763
0
-1 -1 -1 -1 -1 -1
3
764
0
-1 -1 -1 -1 -1 -1
3
765
0
-1 -1 -1 -1 -1 -1
3
766
0
-1 -1 -1 -1 -1 -1
3
767
0
-1 -1 -1 -1 -1 -1
3
768
0
-1 -1 -1 -1 -1 -1
3
769
0
-1 -1 -1 -1 -1 -1
3
770
0
-1 -1 -1 -1 -1 -1
3
771
0
-1 -1 -1 -1 -1 -1
3
772
0
-1 -1 -1 -1 -1 -1
3
773
0
-1 -1 -1 -1 -1 -1
3
774
0
-1 -1 -1 -1 -1 -1
3
775
0
-1 -1 -1 -1 -1 -1
3
776
0
-1 -1 -1 -1 -1 -1
3
777
0
-1 -1 -1 -1 -1 -1
3
778
0
-1 -1 -1 -1 -1 -1
3
779
0
-1 -1 -1 -1 -1 -1
3
780
0
-1 -1 -1 -1 -1 -1
3
781
0
-1 -1 -1 -1 -1 -1
3
782
0
-1 -1 -1 -1 -1 -1
3
783
0
-1 -1 -1 -1 -1 -1
3
784
0
-1 -1 -1 -1 -1 -1
3
785
0
-1 -1 -1 -1 -1 -1
3
786
0
-1 -1 -1 -1 -1 -1
3
787
0
-1 -1 -1 -1 -1 -1
3
788
0
-1 -1 -1 -1 -1 -1
3
789
0
-1 -1 -1 -1 -1 -1
3
790
0
-1 -1 -1 -1 -1 -1
3
791
0
-1 -1 -1 -1 -1 -1
3
792
0
-1 -1 -1 -1 -1 -1
3
793
0
-1 -1 -1 -1 -1 -1
3
794
1
1 1 4 4 2 4 
3
795
0
-1 -1 -1 -1 -1 -1
3
796
0
-1 -1 -1 -1 -1 -1
3
797
0
-1 -1 -1 -1 -1 -1
3
798
0
-1 -1 -1 -1 -1 -1
3
799
0
-1 -1 -1 -1 -1 -1
3
800
0
-1 -1 -1 -1 -1 -1
3
801
0
-1 -1 -1 -1 -1 -1
3
802
0
-1 -1 -1 -1 -1 -1
3
803
0
-1 -1 -1 -1 -1 -1
3
804
0
-1 -1 -1 -1 -1 -1
3
805
0
-1 -1 -1 -1 -1 -1
3
806
0
-1 -1 -1 -1 -1 -1
3
807
0
-1 -1 -1 -1 -1 -1
3
808
0
-1 -1 -1 -1 -1 -1
3
809
0
-1 -1 -1 -1 -1 -1
3
810
0
-1 -1 -1 -1 -1 -1
3
811
0
-1 -1 -1 -1 -1 -1
3
812
0
-1 -1 -1 -1 -1 -1
3
813
0
-1 -1 -1 -1 -1 -1
3
814
0
-1 -1 -1 -1 -1 -1
3
815
0
-1 -1 -1 -1 -1 -1
3
816
0
-1 -1 -1 -1 -1 -1
3
817
0
-1 -1 -1 -1 -1 -1
3
818
0
-1 -1 -1 -1 -1 -1
3
819
0
-1 -1 -1 -1 -1 -1
3
820
0
-1 -1 -1 -1 -1 -1
3
821
0
-1 -1 -1 -1 -1 -1
3
822
0
-1 -1 -1 -1 -1 -1
3
823
0
-1 -1 -1 -1 -1 -1
3
824
1
2 3 3 4 3 1 
3
825
0
-1 -1 -1 -1 -1 -1
3
826
0
-1 -1 -1 -1 -1 -1
3
827
0
-1 -1 -1 -1 -1 -1
3
828
0
-1 -1 -1 -1 -1 -1
3
829
1
0 4 3 4 3 1 
3
830
0
-1 -1 -1 -1 -1 -1
3
831
0
-1 -1 -1 -1 -1 -1
3
832
0
-1 -1 -1 -1 -1 -1
3
833
0
-1 -1 -1 -1 -1 -1
3
834
0
-1 -1 -1 -1 -1 -1
3
835
0
-1 -1 -1 -1 -1 -1
3
836
0
-1 -1 -1 -1 -1 -1
3
837
0
-1 -1 -1 -1 -1 -1
3
838
0
-1 -1 -1 -1 -1 -1
3
839
1
0 4 3 4 3 0 
3
840
0
-1 -1 -1 -1 -1 -1
3
841
0
-1 -1 -1 -1 -1 -1
3
842
0
-1 -1 -1 -1 -1 -1
3
843
0
-1 -1 -1 -1 -1 -1
3
844
0
-1 -1 -1 -1 -1 -1
3
845
0
-1 -1 -1 -1 -1 -1
3
846
0
-1 -1 -1 -1 -1 -1
3
847
0
-1 -1 -1 -1 -1 -1
3
848
0
-1 -1 -1 -1 -1 -1
3
849
0
-1 -1 -1 -1 -1 -1
3
850
0
-1 -1 -1 -1 -1 -1
3
851
0
-1 -1 -1 -1 -1 -1
3
852
0
-1 -1 -1 -1 -1 -1
3
853
0
-1 -1 -1 -1 -1 -1
3
854
0
-1 -1 -1 -1 -1 -1
3
855
0
-1 -1 -1 -1 -1 -1
3
856
0
-1 -1 -1 -1 -1 -1
3
857
0
-1 -1 -1 -1 -1 -1
3
858
0
-1 -1 -1 -1 -1 -1
3
859
0
-1 -1 -1 -1 -1 -1
3
860
0
-1 -1 -1 -1 -1 -1
3
861
0
-1 -1 -1 -1 -1 -1
3
862
0
-1 -1 -1 -1 -1 -1
3
863
0
-1 -1 -1 -1 -1 -1
3
864
0
-1 -1 -1 -1 -1 -1
3
865
0
-1 -1 -1 -1 -1 -1
3
866
0
-1 -1 -1 -1 -1 -1
3
867
0
-1 -1 -1 -1 -1 -1
3
868
0
-1 -1 -1 -1 -1 -1
3
869
0
-1 -1 -1 -1 -1 -1
3
870
0
-1 -1 -1 -1 -1 -1
3
871
0
-1 -1 -1 -1 -1 -1
3
872
0
-1 -1 -1 -1 -1 -1
3
873
0
-1 -1 -1 -1 -1 -1
3
874
0
-1 -1 -1 -1 -1 -1
3
875
0
-1 -1 -1 -1 -1 -1
3
876
0
-1 -1 -1 -1 -1 -1
3
877
0
-1 -1 -1 -1 -1 -1
3
878
0
-1 -1 -1 -1 -1 -1
3
879
0
-1 -1 -1 -1 -1 -1
3
880
0
-1 -1 -1 -1 -1 -1
3
881
1
3 0 4 4 3 0 
3
882
0
-1 -1 -1 -1 -1 -1
3
883
0
-1 -1 -1 -1 -1 -1
3
884
0
-1 -1 -1 -1 -1 -1
3
885
0
-1 -1 -1 -1 -1 -1
3
886
0
-1 -1 -1 -1 -1 -1
3
887
0
-1 -1 -1 -1 -1 -1
3
888
0
-1 -1 -1 -1 -1 -1
3
889
0
-1 -1 -1 -1 -1 -1
3
890
0
-1 -1 -1 -1 -1 -1
3
891
0
-1 -1 -1 -1 -1 -1
3
892
1
1 2 2 3 4 2 
3
893
0
-1 -1 -1 -1 -1 -1
3
894
0
-1 -1 -1 -1 -1 -1
3
895
0
-1 -1 -1 -1 -1 -1
3
896
0
-1 -1 -1 -1 -1 -1
3
897
0
-1 -1 -1 -1 -1 -1
3
898
0
-1 -1 -1 -1 -1 -1
3
899
0
-1 -1 -1 -1 -1 -1
3
900
0
-1 -1 -1 -1 -1 -1
3
901
0
-1 -1 -1 -1 -1 -1
3
902
0
-1 -1 -1 -1 -1 -1
3
903
0
-1 -1 -1 -1 -1 -1
3
904
0
-1 -1 -1 -1 -1 -1
3
905
0
-1 -1 -1 -1 -1 -1
3
906
0
-1 -1 -1 -1 -1 -1
3
907
0
-1 -1 -1 -1 -1 -1
3
908
0
-1 -1 -1 -1 -1 -1
3
909
0
-1 -1 -1 -1 -1 -1
3
910
1
0 4 0 3 4 2 
3
911
0
-1 -1 -1 -1 -1 -1
3
912
0
-1 -1 -1 -1 -1 -1
3
913
0
-1 -1 -1 -1 -1 -1
3
914
0
-1 -1 -1 -1 -1 -1
3
915
0
-1 -1 -1 -1 -1 -1
3
916
0
-1 -1 -1 -1 -1 -1
3
917
0
-1 -1 -1 -1 -1 -1
3
918
0
-1 -1 -1 -1 -1 -1
3
919
0
-1 -1 -1 -1 -1 -1
3
920
0
-1 -1 -1 -1 -1 -1
3
921
0
-1 -1 -1 -1 -1 -1
3
922
0
-1 -1 -1 -1 -1 -1
3
923
0
-1 -1 -1 -1 -1 -1
3
924
0
-1 -1 -1 -1 -1 -1
3
925
0
-1 -1 -1 -1 -1 -1
3
926
0
-1 -1 -1 -1 -1 -1
3
927
1
0 4 0 3 2 2 
3
928
0
-1 -1 -1 -1 -1 -1
3
929
0
-1 -1 -1 -1 -1 -1
3
930
0
-1 -1 -1 -1 -1 -1
3
931
0
-1 -1 -1 -1 -1 -1
3
932
0
-1 -1 -1 -1 -1 -1
3
933
0
-1 -1 -1 -1 -1 -1
3
934
0
-1 -1 -1 -1 -1 -1
3
935
0
-1 -1 -1 -1 -1 -1
3
936
0
-1 -1 -1 -1 -1 -1
3
937
0
-1 -1 -1 -1 -1 -1
3
938
0
-1 -1 -1 -1 -1 -1
3
939
0
-1 -1 -1 -1 -1 -1
3
940
0
-1 -1 -1 -1 -1 -1
3
941
0
-1 -1 -1 -1 -1 -1
3
942
0
-1 -1 -1 -1 -1 -1
3
943
0
-1 -1 -1 -1 -1 -1
3
944
0
-1 -1 -1 -1 -1 -1
3
945
0
-1 -1 -1 -1 -1 -1
3
946
0
-1 -1 -1 -1 -1 -1
3
947
0
-1 -1 -1 -1 -1 -1
3
948
0
-1 -1 -1 -1 -1 -1
3
949
0
-1 -1 -1 -1 -1 -1
3
950
0
-1 -1 -1 -1 -1 -1
3
951
0
-1 -1 -1 -1 -1 -1
3
952
0
-1 -1 -1 -1 -1 -1
3
953
0
-1 -1 -1 -1 -1 -1
3
954
0
-1 -1 -1 -1 -1 -1
3
955
0
-1 -1 -1 -1 -1 -1
3
956
0
-1 -1 -1 -1 -1 -1
3
957
0
-1 -1 -1 -1 -1 -1
3
958
0
-1 -1 -1 -1 -1 -1
3
959
1
2 4 4 3 4 2 
3
960
1
0 4 3 3 4 2 
3
961
0
-1 -1 -1 -1 -1 -1
3
962
0
-1 -1 -1 -1 -1 -1
3
963
0
-1 -1 -1 -1 -1 -1
3
964
0
-1 -1 -1 -1 -1 -1
3
965
0
-1 -1 -1 -1 -1 -1
3
966
0
-1 -1 -1 -1 -1 -1
3
967
0
-1 -1 -1 -1 -1 -1
3
968
0
-1 -1 -1 -1 -1 -1
3
969
0
-1 -1 -1 -1 -1 -1
3
970
0
-1 -1 -1 -1 -1 -1
3
971
0
-1 -1 -1 -1 -1 -1
3
972
0
-1 -1 -1 -1 -1 -1
3
973
0
-1 -1 -1 -1 -1 -1
3
974
0
-1 -1 -1 -1 -1 -1
3
975
0
-1 -1 -1 -1 -1 -1
3
976
0
-1 -1 -1 -1 -1 -1
3
977
0
-1 -1 -1 -1 -1 -1
3
978
0
-1 -1 -1 -1 -1 -1
3
979
0
-1 -1 -1 -1 -1 -1
3
980
0
-1 -1 -1 -1 -1 -1
3
981
0
-1 -1 -1 -1 -1 -1
3
982
0
-1 -1 -1 -1 -1 -1
3
983
0
-1 -1 -1 -1 -1 -1
3
984
0
-1 -1 -1 -1 -1 -1
3
985
0
-1 -1 -1 -1 -1 -1
3
986
0
-1 -1 -1 -1 -1 -1
3
987
0
-1 -1 -1 -1 -1 -1
3
988
0
-1 -1 -1 -1 -1 -1
3
989
0
-1 -1 -1 -1 -1 -1
3
990
0
-1 -1 -1 -1 -1 -1
3
991
0
-1 -1 -1 -1 -1 -1
3
992
0
-1 -1 -1 -1 -1 -1
3
993
0
-1 -1 -1 -1 -1 -1
3
994
0
-1 -1 -1 -1 -1 -1
3
995
0
-1 -1 -1 -1 -1 -1
3
996
0
-1 -1 -1 -1 -1 -1
3
997
0
-1 -1 -1 -1 -1 -1
3
998
1
0 2 2 1 3 4 
3
999
0
-1 -1 -1 -1 -1 -1
3
1000
0
-1 -1 -1 -1 -1 -1
3
1001
0
-1 -1 -1 -1 -1 -1
3
1002
0
-1 -1 -1 -1 -1 -1
3
1003
0
-1 -1 -1 -1 -1 -1
3
1004
0
-1 -1 -1 -1 -1 -1
3
1005
0
-1 -1 -1 -1 -1 -1
3
1006
0
-1 -1 -1 -1 -1 -1
3
1007
0
-1 -1 -1 -1 -1 -1
3
1008
0
-1 -1 -1 -1 -1 -1
3
1009
0
-1 -1 -1 -1 -1 -1
3
1010
0
-1 -1 -1 -1 -1 -1
3
1011
0
-1 -1 -1 -1 -1 -1
3
1012
0
-1 -1 -1 -1 -1 -1
3
1013
0
-1 -1 -1 -1 -1 -1
3
1014
0
-1 -1 -1 -1 -1 -1
3
1015
0
-1 -1 -1 -1 -1 -1
3
1016
0
-1 -1 -1 -1 -1 -1
3
1017
0
-1 -1 -1 -1 -1 -1
3
1018
0
-1 -1 -1 -1 -1 -1
3
1019
0
-1 -1 -1 -1 -1 -1
3
1020
0
-1 -1 -1 -1 -1 -1
3
1021
0
-1 -1 -1 -1 -1 -1
3
1022
0
-1 -1 -1 -1 -1 -1
3
1023
0
-1 -1 -1 -1 -1 -1
3
1024
0
-1 -1 -1 -1 -1 -1
3
1025
0
-1 -1 -1 -1 -1 -1
3
1026
0
-1 -1 -1 -1 -1 -1
3
1027
0
-1 -1 -1 -1 -1 -1
3
1028
0
-1 -1 -1 -1 -1 -1
3
1029
0
-1 -1 -1 -1 -1 -1
3
1030
0
-1 -1 -1 -1 -1 -1
3
1031
0
-1 -1 -1 -1 -1 -1
3
1032
0
-1 -1 -1 -1 -1 -1
3
1033
0
-1 -1 -1 -1 -1 -1
3
Execution Time:1.00