0
3
69 123 37 56 97 
14 2 76 12 38 
17 119 6 24 51 
86 102 93 35 40 
54 103 99 21 85 

89 11 28 113 107 
45 65 91 53 9 
10 101 23 20 67 
68 95 5 26 94 
106 118 100 108 73 

4 75 84 43 16 
31 3 72 36 83 
82 44 18 92 29 
19 7 66 115 25 
88 58 22 81 87 

116 48 1 61 71 
63 46 111 27 52 
50 98 117 120 41 
62 13 124 33 122 
90 47 59 15 74 

39 109 32 112 105 
49 78 77 8 110 
104 64 125 70 114 
79 60 55 30 42 
57 121 34 80 96 

1
5
69 72 37 56 97 
14 2 76 12 38 
17 119 6 24 51 
86 102 93 35 40 
54 103 99 21 85 

89 11 28 113 107 
45 65 91 53 9 
10 101 23 20 67 
68 95 5 26 94 
106 118 100 108 73 

4 75 84 43 16 
31 3 123 36 83 
82 44 18 92 29 
19 7 66 115 25 
88 58 22 81 87 

116 48 1 61 71 
63 46 111 27 52 
50 98 117 120 41 
62 13 124 33 122 
90 47 59 15 74 

39 109 32 112 105 
49 78 77 8 110 
104 64 125 70 114 
79 60 55 30 42 
57 121 34 80 96 

2
7
69 72 37 56 97 
14 2 76 12 38 
17 119 6 24 51 
86 19 93 35 40 
54 103 99 21 85 

89 11 28 113 107 
45 65 91 53 9 
10 101 23 20 67 
68 95 5 26 94 
106 118 100 108 73 

4 75 84 43 16 
31 3 123 36 83 
82 44 18 92 29 
102 7 66 115 25 
88 58 22 81 87 

116 48 1 61 71 
63 46 111 27 52 
50 98 117 120 41 
62 13 124 33 122 
90 47 59 15 74 

39 109 32 112 105 
49 78 77 8 110 
104 64 125 70 114 
79 60 55 30 42 
57 121 34 80 96 

3
9
69 72 37 56 97 
14 2 76 12 38 
17 119 6 24 51 
86 19 93 35 40 
54 103 99 21 85 

89 11 28 113 107 
45 65 91 53 9 
10 101 23 20 67 
18 95 5 26 94 
106 118 100 108 73 

4 75 84 43 16 
31 3 123 36 83 
82 44 68 92 29 
102 7 66 115 25 
88 58 22 81 87 

116 48 1 61 71 
63 46 111 27 52 
50 98 117 120 41 
62 13 124 33 122 
90 47 59 15 74 

39 109 32 112 105 
49 78 77 8 110 
104 64 125 70 114 
79 60 55 30 42 
57 121 34 80 96 

4
10
69 72 37 56 97 
14 2 76 12 38 
17 119 6 24 51 
86 19 93 35 40 
54 103 99 21 124 

89 11 28 113 107 
45 65 91 53 9 
10 101 23 20 67 
18 95 5 26 94 
106 118 100 108 73 

4 75 84 43 16 
31 3 123 36 83 
82 44 68 92 29 
102 7 66 115 25 
88 58 22 81 87 

116 48 1 61 71 
63 46 111 27 52 
50 98 117 120 41 
62 13 85 33 122 
90 47 59 15 74 

39 109 32 112 105 
49 78 77 8 110 
104 64 125 70 114 
79 60 55 30 42 
57 121 34 80 96 

5
11
53 72 37 56 97 
14 2 76 12 38 
17 119 6 24 51 
86 19 93 35 40 
54 103 99 21 124 

89 11 28 113 107 
45 65 91 69 9 
10 101 23 20 67 
18 95 5 26 94 
106 118 100 108 73 

4 75 84 43 16 
31 3 123 36 83 
82 44 68 92 29 
102 7 66 115 25 
88 58 22 81 87 

116 48 1 61 71 
63 46 111 27 52 
50 98 117 120 41 
62 13 85 33 122 
90 47 59 15 74 

39 109 32 112 105 
49 78 77 8 110 
104 64 125 70 114 
79 60 55 30 42 
57 121 34 80 96 

6
12
53 72 37 56 97 
105 2 76 12 38 
17 119 6 24 51 
86 19 93 35 40 
54 103 99 21 124 

89 11 28 113 107 
45 65 91 69 9 
10 101 23 20 67 
18 95 5 26 94 
106 118 100 108 73 

4 75 84 43 16 
31 3 123 36 83 
82 44 68 92 29 
102 7 66 115 25 
88 58 22 81 87 

116 48 1 61 71 
63 46 111 27 52 
50 98 117 120 41 
62 13 85 33 122 
90 47 59 15 74 

39 109 32 112 14 
49 78 77 8 110 
104 64 125 70 114 
79 60 55 30 42 
57 121 34 80 96 

7
13
53 72 37 56 97 
105 2 80 12 38 
17 119 6 24 51 
86 19 93 35 40 
54 103 99 21 124 

89 11 28 113 107 
45 65 91 69 9 
10 101 23 20 67 
18 95 5 26 94 
106 118 100 108 73 

4 75 84 43 16 
31 3 123 36 83 
82 44 68 92 29 
102 7 66 115 25 
88 58 22 81 87 

116 48 1 61 71 
63 46 111 27 52 
50 98 117 120 41 
62 13 85 33 122 
90 47 59 15 74 

39 109 32 112 14 
49 78 77 8 110 
104 64 125 70 114 
79 60 55 30 42 
57 121 34 76 96 

8
15
53 72 37 56 97 
105 2 80 4 38 
17 119 6 24 51 
86 19 93 35 40 
54 103 99 21 124 

89 11 28 113 107 
45 65 91 69 9 
10 101 23 20 67 
18 95 5 26 94 
106 118 100 108 73 

12 75 84 43 16 
31 3 123 36 83 
82 44 68 92 29 
102 7 66 115 25 
88 58 22 81 87 

116 48 1 61 71 
63 46 111 27 52 
50 98 117 120 41 
62 13 85 33 122 
90 47 59 15 74 

39 109 32 112 14 
49 78 77 8 110 
104 64 125 70 114 
79 60 55 30 42 
57 121 34 76 96 

9
17
53 72 37 56 97 
105 2 80 4 124 
17 119 6 24 51 
86 19 93 35 40 
54 103 99 21 38 

89 11 28 113 107 
45 65 91 69 9 
10 101 23 20 67 
18 95 5 26 94 
106 118 100 108 73 

12 75 84 43 16 
31 3 123 36 83 
82 44 68 92 29 
102 7 66 115 25 
88 58 22 81 87 

116 48 1 61 71 
63 46 111 27 52 
50 98 117 120 41 
62 13 85 33 122 
90 47 59 15 74 

39 109 32 112 14 
49 78 77 8 110 
104 64 125 70 114 
79 60 55 30 42 
57 121 34 76 96 

10
18
53 72 37 56 97 
105 2 80 4 124 
17 119 6 24 51 
86 19 93 35 40 
54 103 99 21 38 

89 11 28 113 107 
45 65 91 69 9 
10 101 23 20 67 
18 95 5 26 94 
106 118 100 108 73 

12 75 84 43 16 
31 3 123 36 83 
82 44 68 92 29 
102 7 66 115 25 
88 58 22 81 87 

116 48 1 61 71 
63 46 111 27 52 
50 98 117 120 41 
62 13 85 33 122 
90 110 59 15 74 

39 109 32 112 14 
49 78 77 8 47 
104 64 125 70 114 
79 60 55 30 42 
57 121 34 76 96 

11
19
53 72 37 56 97 
105 2 80 4 124 
17 119 6 27 51 
86 19 93 35 40 
54 103 99 21 38 

89 11 28 113 107 
45 65 91 69 9 
10 101 23 20 67 
18 95 5 26 94 
106 118 100 108 73 

12 75 84 43 16 
31 3 123 36 83 
82 44 68 92 29 
102 7 66 115 25 
88 58 22 81 87 

116 48 1 61 71 
63 46 111 24 52 
50 98 117 120 41 
62 13 85 33 122 
90 110 59 15 74 

39 109 32 112 14 
49 78 77 8 47 
104 64 125 70 114 
79 60 55 30 42 
57 121 34 76 96 

12
20
53 72 37 56 97 
105 2 80 4 124 
17 119 6 123 51 
86 19 93 35 40 
54 103 99 21 38 

89 11 28 113 107 
45 65 91 69 9 
10 101 23 20 67 
18 95 5 26 94 
106 118 100 108 73 

12 75 84 43 16 
31 3 27 36 83 
82 44 68 92 29 
102 7 66 115 25 
88 58 22 81 87 

116 48 1 61 71 
63 46 111 24 52 
50 98 117 120 41 
62 13 85 33 122 
90 110 59 15 74 

39 109 32 112 14 
49 78 77 8 47 
104 64 125 70 114 
79 60 55 30 42 
57 121 34 76 96 

13
22
53 72 37 56 97 
105 2 80 4 124 
17 119 6 61 51 
86 19 93 35 40 
54 103 99 21 38 

89 11 28 113 107 
45 65 91 69 9 
10 101 23 20 67 
18 95 5 26 94 
106 118 100 108 73 

12 75 84 43 16 
31 3 27 36 83 
82 44 68 92 29 
102 7 66 115 25 
88 58 22 81 87 

116 48 1 123 71 
63 46 111 24 52 
50 98 117 120 41 
62 13 85 33 122 
90 110 59 15 74 

39 109 32 112 14 
49 78 77 8 47 
104 64 125 70 114 
79 60 55 30 42 
57 121 34 76 96 

14
23
53 72 37 56 97 
105 2 80 4 124 
17 119 6 61 51 
86 19 93 35 40 
54 103 99 21 38 

89 11 28 113 107 
45 65 91 69 9 
10 101 23 20 67 
18 95 5 26 94 
106 118 100 108 73 

12 75 84 43 16 
31 3 27 36 83 
82 44 68 92 29 
102 7 66 115 25 
88 58 70 81 87 

116 48 1 123 71 
63 46 111 24 52 
50 98 117 120 41 
62 13 85 33 122 
90 110 59 15 74 

39 109 32 112 14 
49 78 77 8 47 
104 64 125 22 114 
79 60 55 30 42 
57 121 34 76 96 

15
24
53 72 37 56 97 
105 2 80 4 124 
17 119 6 61 16 
86 19 93 35 40 
54 103 99 21 38 

89 11 28 113 107 
45 65 91 69 9 
10 101 23 20 67 
18 95 5 26 94 
106 118 100 108 73 

12 75 84 43 51 
31 3 27 36 83 
82 44 68 92 29 
102 7 66 115 25 
88 58 70 81 87 

116 48 1 123 71 
63 46 111 24 52 
50 98 117 120 41 
62 13 85 33 122 
90 110 59 15 74 

39 109 32 112 14 
49 78 77 8 47 
104 64 125 22 114 
79 60 55 30 42 
57 121 34 76 96 

16
25
53 72 37 56 97 
105 2 80 4 124 
17 119 6 61 16 
86 19 93 77 40 
54 103 99 21 38 

89 11 28 113 107 
45 65 91 69 9 
10 101 23 20 67 
18 95 5 26 94 
106 118 100 108 73 

12 75 84 43 51 
31 3 27 36 83 
82 44 68 92 29 
102 7 66 115 25 
88 58 70 81 87 

116 48 1 123 71 
63 46 111 24 52 
50 98 117 120 41 
62 13 85 33 122 
90 110 59 15 74 

39 109 32 112 14 
49 78 35 8 47 
104 64 125 22 114 
79 60 55 30 42 
57 121 34 76 96 

17
27
53 72 37 56 97 
105 2 80 4 124 
17 119 6 61 16 
86 19 93 77 40 
54 103 99 21 38 

95 11 28 113 107 
45 65 91 69 9 
10 101 23 20 67 
18 89 5 26 94 
106 118 100 108 73 

12 75 84 43 51 
31 3 27 36 83 
82 44 68 92 29 
102 7 66 115 25 
88 58 70 81 87 

116 48 1 123 71 
63 46 111 24 52 
50 98 117 120 41 
62 13 85 33 122 
90 110 59 15 74 

39 109 32 112 14 
49 78 35 8 47 
104 64 125 22 114 
79 60 55 30 42 
57 121 34 76 96 

18
28
53 72 37 56 97 
105 2 80 4 124 
17 119 6 61 16 
86 19 93 77 40 
54 103 99 21 38 

95 11 28 113 107 
45 65 91 69 9 
10 101 23 20 67 
18 89 5 59 94 
106 118 100 108 73 

12 75 84 43 51 
31 3 27 36 83 
82 44 68 92 29 
102 7 66 115 25 
88 58 70 81 87 

116 48 1 123 71 
63 46 111 24 52 
50 98 117 120 41 
62 13 85 33 122 
90 110 26 15 74 

39 109 32 112 14 
49 78 35 8 47 
104 64 125 22 114 
79 60 55 30 42 
57 121 34 76 96 

19
29
53 72 37 56 97 
105 2 80 4 124 
17 119 6 61 16 
86 19 93 77 40 
54 103 99 21 38 

95 11 107 113 28 
45 65 91 69 9 
10 101 23 20 67 
18 89 5 59 94 
106 118 100 108 73 

12 75 84 43 51 
31 3 27 36 83 
82 44 68 92 29 
102 7 66 115 25 
88 58 70 81 87 

116 48 1 123 71 
63 46 111 24 52 
50 98 117 120 41 
62 13 85 33 122 
90 110 26 15 74 

39 109 32 112 14 
49 78 35 8 47 
104 64 125 22 114 
79 60 55 30 42 
57 121 34 76 96 

20
30
53 72 37 56 97 
105 2 80 4 124 
17 119 6 61 16 
86 19 93 77 40 
54 103 99 21 38 

95 11 107 104 28 
45 65 91 69 9 
10 101 23 20 67 
18 89 5 59 94 
106 118 100 108 73 

12 75 84 43 51 
31 3 27 36 83 
82 44 68 92 29 
102 7 66 115 25 
88 58 70 81 87 

116 48 1 123 71 
63 46 111 24 52 
50 98 117 120 41 
62 13 85 33 122 
90 110 26 15 74 

39 109 32 112 14 
49 78 35 8 47 
113 64 125 22 114 
79 60 55 30 42 
57 121 34 76 96 

21
31
53 72 37 56 97 
105 2 80 4 124 
17 119 6 61 16 
86 19 93 77 40 
54 103 99 21 38 

95 11 107 10 28 
45 65 91 69 9 
104 101 23 20 67 
18 89 5 59 94 
106 118 100 108 73 

12 75 84 43 51 
31 3 27 36 83 
82 44 68 92 29 
102 7 66 115 25 
88 58 70 81 87 

116 48 1 123 71 
63 46 111 24 52 
50 98 117 120 41 
62 13 85 33 122 
90 110 26 15 74 

39 109 32 112 14 
49 78 35 8 47 
113 64 125 22 114 
79 60 55 30 42 
57 121 34 76 96 

22
32
53 72 37 56 97 
105 2 80 4 124 
17 119 6 61 16 
86 19 93 77 40 
54 103 99 21 38 

95 75 107 10 28 
45 65 91 69 9 
104 101 23 20 67 
18 89 5 59 94 
106 118 100 108 73 

12 11 84 43 51 
31 3 27 36 83 
82 44 68 92 29 
102 7 66 115 25 
88 58 70 81 87 

116 48 1 123 71 
63 46 111 24 52 
50 98 117 120 41 
62 13 85 33 122 
90 110 26 15 74 

39 109 32 112 14 
49 78 35 8 47 
113 64 125 22 114 
79 60 55 30 42 
57 121 34 76 96 

23
33
53 72 37 56 97 
105 2 80 4 124 
17 119 6 61 16 
86 19 93 77 40 
54 103 99 21 38 

95 75 107 10 28 
81 65 91 69 9 
104 101 23 20 67 
18 89 5 59 94 
106 118 100 108 73 

12 11 84 43 51 
31 3 27 36 83 
82 44 68 92 29 
102 7 66 115 25 
88 58 70 45 87 

116 48 1 123 71 
63 46 111 24 52 
50 98 117 120 41 
62 13 85 33 122 
90 110 26 15 74 

39 109 32 112 14 
49 78 35 8 47 
113 64 125 22 114 
79 60 55 30 42 
57 121 34 76 96 

24
34
53 72 37 56 97 
105 2 80 4 124 
17 119 6 61 16 
86 19 93 77 40 
54 103 99 21 38 

95 75 107 10 28 
81 65 91 69 9 
104 101 23 20 67 
18 89 5 59 94 
106 118 100 57 73 

12 11 84 43 51 
31 3 27 36 83 
82 44 68 92 29 
102 7 66 115 25 
88 58 70 45 87 

116 48 1 123 71 
63 46 111 24 52 
50 98 117 120 41 
62 13 85 33 122 
90 110 26 15 74 

39 109 32 112 14 
49 78 35 8 47 
113 64 125 22 114 
79 60 55 30 42 
108 121 34 76 96 

25
35
53 72 37 56 97 
105 2 80 4 124 
17 119 6 61 16 
86 19 93 77 40 
54 103 99 21 38 

95 75 107 10 28 
81 65 91 69 9 
104 101 23 20 67 
18 89 5 59 94 
106 118 100 57 73 

12 11 84 96 51 
31 3 27 36 83 
82 44 68 92 29 
102 7 66 115 25 
88 58 70 45 87 

116 48 1 123 71 
63 46 111 24 52 
50 98 117 120 41 
62 13 85 33 122 
90 110 26 15 74 

39 109 32 112 14 
49 78 35 8 47 
113 64 125 22 114 
79 60 55 30 42 
108 121 34 76 43 

26
36
53 72 37 56 97 
105 2 80 4 124 
17 119 6 61 16 
86 19 93 77 40 
54 103 99 21 38 

95 75 107 10 28 
81 65 91 69 9 
104 101 23 20 67 
18 89 5 59 94 
106 118 100 57 73 

12 11 84 96 112 
31 3 27 36 83 
82 44 68 92 29 
102 7 66 115 25 
88 58 70 45 87 

116 48 1 123 71 
63 46 111 24 52 
50 98 117 120 41 
62 13 85 33 122 
90 110 26 15 74 

39 109 32 51 14 
49 78 35 8 47 
113 64 125 22 114 
79 60 55 30 42 
108 121 34 76 43 

27
37
53 72 37 56 97 
105 2 80 4 124 
17 119 6 61 16 
86 19 93 77 40 
54 103 99 21 38 

95 75 107 10 28 
81 65 91 69 9 
104 101 23 20 67 
18 89 5 59 94 
106 118 100 57 73 

12 11 84 96 112 
31 3 27 36 83 
82 44 68 92 29 
102 7 66 115 25 
88 58 70 45 87 

116 48 55 123 71 
63 46 111 24 52 
50 98 117 120 41 
62 13 85 33 122 
90 110 26 15 74 

39 109 32 51 14 
49 78 35 8 47 
113 64 125 22 114 
79 60 1 30 42 
108 121 34 76 43 

28
37
53 72 37 56 97 
105 2 80 4 124 
17 119 6 61 16 
86 19 93 77 40 
54 103 99 21 38 

95 75 107 10 28 
81 65 91 69 9 
104 101 23 20 67 
18 89 5 59 94 
106 118 100 57 73 

12 11 84 96 112 
31 3 27 36 83 
82 44 68 92 29 
102 7 66 115 25 
88 58 70 45 87 

116 48 55 123 71 
63 46 111 24 52 
50 98 117 120 42 
62 13 85 33 122 
90 110 26 15 74 

39 109 32 51 14 
49 78 35 8 47 
113 64 125 22 114 
79 60 1 30 41 
108 121 34 76 43